SetFactory("OpenCASCADE");

Rectangle(1) = {0, 0, 0, 0.1, 0.000315, 0};
Rectangle(2) = {0, 0.000835, 0, 0.1, 0.000315, 0};
